0.001114
-0.000961
0.000918
-0.000962
0.001022
-0.000949
0.000902
-0.000920
0.000766
-0.000730
0.000705
-0.000729
0.000810
-0.000880
0.000910
-0.001110
0.001090
-0.001231
0.001477
-0.001606
0.001572
-0.001432
0.001332
-0.000833
0.000279
-0.000218
0.000795
-0.000901
0.001130
-0.000972
0.001405
-0.002444
0.002817
-0.002244
0.001548
-0.000968
0.000172
0.000390
-0.000695
0.000220
-0.000590
0.000104
0.000066
0.000102
0.000033
-0.000594
0.000724
-0.000542
-0.000716
0.001486
-0.001244
0.002823
-0.003772
0.004191
-0.003691
0.006352
-0.010176
0.011775
-0.008209
0.007141
-0.008664
0.009532
-0.010774
0.008735
-0.010799
0.012741
-0.015089
0.014977
-0.014366
0.015189
-0.016212
0.016992
-0.015954
0.019848
-0.025637
0.026560
-0.021726
0.021357
-0.024783
0.029705
-0.027937
0.024443
-0.029035
0.039531
-0.045006
0.042846
-0.044390
0.044031
-0.046221
0.044192
-0.038840
0.039256
-0.052498
0.059458
-0.060929
0.059436
-0.059675
0.071785
-0.075875
0.074139
-0.063277
0.076616
-0.085010
0.082985
-0.085141
0.086223
-0.104306
0.107490
-0.088668
0.083959
-0.101757
0.118285
-0.131088
0.121362
-0.131574
0.157401
-0.163062
0.127390
-0.086574
0.125080
-0.175470
0.186688
-0.171079
0.228812
-0.432670
1.706611
-0.432670
0.228812
-0.171079
0.186688
-0.175470
0.125080
-0.086574
0.127390
-0.163062
0.157401
-0.131574
0.121362
-0.131088
0.118285
-0.101757
0.083959
-0.088668
0.107490
-0.104306
0.086223
-0.085141
0.082985
-0.085010
0.076616
-0.063277
0.074139
-0.075875
0.071785
-0.059675
0.059436
-0.060929
0.059458
-0.052498
0.039256
-0.038840
0.044192
-0.046221
0.044031
-0.044390
0.042846
-0.045006
0.039531
-0.029035
0.024443
-0.027937
0.029705
-0.024783
0.021357
-0.021726
0.026560
-0.025637
0.019848
-0.015954
0.016992
-0.016212
0.015189
-0.014366
0.014977
-0.015089
0.012741
-0.010799
0.008735
-0.010774
0.009532
-0.008664
0.007141
-0.008209
0.011775
-0.010176
0.006352
-0.003691
0.004191
-0.003772
0.002823
-0.001244
0.001486
-0.000716
-0.000542
0.000724
-0.000594
0.000033
0.000102
0.000066
0.000104
-0.000590
0.000220
-0.000695
0.000390
0.000172
-0.000968
0.001548
-0.002244
0.002817
-0.002444
0.001405
-0.000972
0.001130
-0.000901
0.000795
-0.000218
0.000279
-0.000833
0.001332
-0.001432
0.001572
-0.001606
0.001477
-0.001231
0.001090
-0.001110
0.000910
-0.000880
0.000810
-0.000729
0.000705
-0.000730
0.000766
-0.000920
0.000902
-0.000949
0.001022
-0.000962
0.000918
-0.000961
0.001114
